Manually calculating potential passcode

319 319
680 680
180 6180
690 361890
129 3612890
620 3612890
762 37612890
689 37612890
762 37612890
318 37612890
368 37612890
710 37612890
720 37612890
710 37612890
629 37612890
168 37162890
160 37162890
689 37162890
716 37162890
731 73162890
736 73162890
729 73162890
316 73162890
729 73162890
729 73162890
710 73162890
769 73162890
290 73162890
719 73162890
680 73162890
318 73162890
389 73162890
162 73162890
289 73162890
162 73162890
718 73162890
729 73162890
319 73162890
790 73162890
680 73162890
890 73162890
362 73162890
319 73162890
760 73162890
316 73162890
729 73162890
380 73162890
319 73162890
728 73162890
716 73162890
